222 222 222 222 222 222 222 222 222 222 222 222 222 222 222 222
222 222 222 222 222 222 222 222 222 222 222 222 222 222 222 222
222 222 222 222 222 222 222 222 222 222 222 222 222 222 222 222
222 222 222 222 222 222 222 222 222 222 222 222 222 222 222 222
222 222 222 222 216 103  62  62  62  71 217 222 222 222 222 222
222 222 222 222 211  51  12  77  83  91 218 222 222 222 222 222
222 222 222 222 211  51  33 207 222 222 222 222 222 222 222 222
222 222 222 222 211  51  29 188 201 209 222 222 222 222 222 222
222 222 222 222 211  51   0   6   6  57 221 222 222 222 222 222
222 222 222 222 211  51  25 162 173 186 221 222 222 222 222 222
222 222 222 222 211  51  33 207 222 222 222 222 222 222 222 222
222 222 222 222 211  51  33 207 222 222 222 222 222 222 222 222
222 222 222 222 215  97  82 213 222 222 222 222 222 222 222 222
222 222 222 222 222 222 222 222 222 222 222 222 222 222 222 222
222 222 222 222 222 222 222 222 222 222 222 222 222 222 222 222
222 222 222 222 222 222 222 222 222 222 222 222 222 222 222 222
222 222 222 222 222 222 222 222 222 222 222 222 222 222 222 222
222 222 222 222 222 222 222 222 222 222 222 222 222 222 222 222
222 222 222 222 222 222 222 222 222 222 222 222 222 222 222 222
222 222 222 222 222 222 222 222 222 222 222 222 222 222 222 222
222 222 222 222 217 105  62  62  62  68 216 222 222 222 222 222
222 222 222 222 212  53  11  76  83  89 217 222 222 222 222 222
222 222 222 222 212  53  30 203 222 222 222 222 222 222 222 222
222 222 222 222 212  53  27 184 201 208 222 222 222 222 222 222
222 222 222 222 212  53   0   6   6  49 220 222 222 222 222 222
222 222 222 222 212  53  24 159 173 184 221 222 222 222 222 222
222 222 222 222 212  53  30 203 222 222 222 222 222 222 222 222
222 222 222 222 212  53  30 203 222 222 222 222 222 222 222 222
222 222 222 222 216  99  80 211 222 222 222 222 222 222 222 222
222 222 222 222 222 222 222 222 222 222 222 222 222 222 222 222
222 222 222 222 222 222 222 222 222 222 222 222 222 222 222 222
222 222 222 222 222 222 222 222 222 222 222 222 222 222 222 222
222 222 222 222 222 222 222 222 222 222 222 222 222 222 222 222
222 222 222 222 222 222 222 222 222 222 222 222 222 222 222 222
222 222 222 222 222 222 222 222 222 222 222 222 222 222 222 222
222 222 222 222 222 222 222 222 222 222 222 222 222 222 222 222
222 222 222 222 217 106  62  62  62  65 214 222 222 222 222 222
222 222 222 222 214  56  10  75  83  86 215 222 222 222 222 222
222 222 222 222 214  56  28 200 222 222 222 222 222 222 222 222
222 222 222 222 214  56  25 181 201 207 222 222 222 222 222 222
222 222 222 222 214  56   0   6   6  39 220 222 222 222 222 222
222 222 222 222 214  56  22 156 173 182 221 222 222 222 222 222
222 222 222 222 214  56  28 200 222 222 222 222 222 222 222 222
222 222 222 222 214  56  28 200 222 222 222 222 222 222 222 222
222 222 222 222 217 101  79 208 222 222 222 222 222 222 222 222
222 222 222 222 222 222 222 222 222 222 222 222 222 222 222 222
222 222 222 222 222 222 222 222 222 222 222 222 222 222 222 222
222 222 222 222 222 222 222 222 222 222 222 222 222 222 222 222

222 222 222 222 222 222 222 222 222 222 222 222 222 222 222 222
222 222 222 222 222 222 222 222 222 222 222 222 222 222 222 222
222 222 222 222 222 222 222 222 222 222 222 222 222 222 222 222
222 222 222 222 222 222 222 222 222 222 222 222 222 222 222 222
222 222 222 222 222 222 222 222 222 222 222 222 222 222 222 222
222 222 222 222 218 218 222 222 221 222 222 222 222 222 222 222
222 222 222 222  73  93 222 211  62 188 222 222 222 222 222 222
222 222 222 222  62  83 222 201   7 173 222 222 222 222 222 222
222 222 222 222  62  79 211 191   6 164 211 211 215 222 222 222
222 222 222 222  62  16  44  40   1  34  44  44  91 222 222 222
222 222 222 222  95  41  41  41  41  41  41  41  89 222 222 222
222 222 222 222 214 208 208 208 208 208 208 208 213 222 222 222
222 222 222 222 222 222 222 222 222 222 222 222 222 222 222 222
222 222 222 222 222 222 222 222 222 222 222 222 222 222 222 222
222 222 222 222 222 222 222 222 222 222 222 222 222 222 222 222
222 222 222 222 222 222 222 222 222 222 222 222 222 222 222 222
222 222 222 222 222 222 222 222 222 222 222 222 222 222 222 222
222 222 222 222 222 222 222 222 222 222 222 222 222 222 222 222
222 222 222 222 222 222 222 222 222 222 222 222 222 222 222 222
222 222 222 222 222 222 222 222 222 222 222 222 222 222 222 222
222 222 222 222 222 222 222 222 222 222 222 222 222 222 222 222
222 222 222 222 217 218 222 222 221 222 222 222 222 222 222 222
222 222 222 222  69  90 222 209  53 186 222 222 222 222 222 222
222 222 222 222  62  83 222 201   7 173 222 222 222 222 222 222
222 222 222 222  62  78 207 188   6 162 207 207 213 222 222 222
222 222 222 222  62  15  41  37   1  32  41  41  89 222 222 222
222 222 222 222  97  43  43  43  43  43  43  43  91 222 222 222
222 222 222 222 216 210 210 210 210 210 210 210 214 222 222 222
222 222 222 222 222 222 222 222 222 222 222 222 222 222 222 222
222 222 222 222 222 222 222 222 222 222 222 222 222 222 222 222
222 222 222 222 222 222 222 222 222 222 222 222 222 222 222 222
222 222 222 222 222 222 222 222 222 222 222 222 222 222 222 222
222 222 222 222 222 222 222 222 222 222 222 222 222 222 222 222
222 222 222 222 222 222 222 222 222 222 222 222 222 222 222 222
222 222 222 222 222 222 222 222 222 222 222 222 222 222 222 222
222 222 222 222 222 222 222 222 222 222 222 222 222 222 222 222
222 222 222 222 222 222 222 222 222 222 222 222 222 222 222 222
222 222 222 222 215 216 222 222 221 222 222 222 222 222 222 222
222 222 222 222  66  87 222 208  43 183 222 222 222 222 222 222
222 222 222 222  62  83 222 201   7 173 222 222 222 222 222 222
222 222 222 222  62  77 204 185   6 160 204 204 211 222 222 222
222 222 222 222  62  14  38  34   1  30  38  38  87 222 222 222
222 222 222 222  98  45  45  45  45  45  45  45  93 222 222 222
222 222 222 222 217 212 212 212 212 212 212 212 216 222 222 222
222 222 222 222 222 222 222 222 222 222 222 222 222 222 222 222
222 222 222 222 222 222 222 222 222 222 222 222 222 222 222 222
222 222 222 222 222 222 222 222 222 222 222 222 222 222 222 222
222 222 222 222 222 222 222 222 222 222 222 222 222 222 222 222

222 222 222 222 222 222 222 222 222 222 222 222 222 222 222 222
222 222 222 222 222 222 222 222 222 222 222 222 222 222 222 222
222 222 222 222 222 222 222 222 222 222 222 222 222 222 222 222
222 222 222 222 222 222 222 222 215  91  89 213 222 222 222 222
222 222 222 222 222 222 222 222 211  44  41 208 222 222 222 222
222 222 222 222 222 222 222 222 211  44  41 208 222 222 222 222
222 222 222 222 222 222 188 173 164  34  41 208 222 222 222 222
222 222 222 222 222 221  62   7   6   1  41 208 222 222 222 222
222 222 222 222 222 222 211 201 191  40  41 208 222 222 222 222
222 222 222 222 222 222 222 222 211  44  41 208 222 222 222 222
222 222 222 222 222 218  93  83  79  16  41 208 222 222 222 222
222 222 222 222 222 218  73  62  62  62  95 214 222 222 222 222
222 222 222 222 222 222 222 222 222 222 222 222 222 222 222 222
222 222 222 222 222 222 222 222 222 222 222 222 222 222 222 222
222 222 222 222 222 222 222 222 222 222 222 222 222 222 222 222
222 222 222 222 222 222 222 222 222 222 222 222 222 222 222 222
222 222 222 222 222 222 222 222 222 222 222 222 222 222 222 222
222 222 222 222 222 222 222 222 222 222 222 222 222 222 222 222
222 222 222 222 222 222 222 222 222 222 222 222 222 222 222 222
222 222 222 222 222 222 222 222 213  89  91 214 222 222 222 222
222 222 222 222 222 222 222 222 207  41  43 210 222 222 222 222
222 222 222 222 222 222 222 222 207  41  43 210 222 222 222 222
222 222 222 222 222 222 186 173 162  32  43 210 222 222 222 222
222 222 222 222 222 221  53   7   6   1  43 210 222 222 222 222
222 222 222 222 222 222 209 201 188  37  43 210 222 222 222 222
222 222 222 222 222 222 222 222 207  41  43 210 222 222 222 222
222 222 222 222 222 218  90  83  78  15  43 210 222 222 222 222
222 222 222 222 222 217  69  62  62  62  97 216 222 222 222 222
222 222 222 222 222 222 222 222 222 222 222 222 222 222 222 222
222 222 222 222 222 222 222 222 222 222 222 222 222 222 222 222
222 222 222 222 222 222 222 222 222 222 222 222 222 222 222 222
222 222 222 222 222 222 222 222 222 222 222 222 222 222 222 222
222 222 222 222 222 222 222 222 222 222 222 222 222 222 222 222
222 222 222 222 222 222 222 222 222 222 222 222 222 222 222 222
222 222 222 222 222 222 222 222 222 222 222 222 222 222 222 222
222 222 222 222 222 222 222 222 211  87  93 216 222 222 222 222
222 222 222 222 222 222 222 222 204  38  45 212 222 222 222 222
222 222 222 222 222 222 222 222 204  38  45 212 222 222 222 222
222 222 222 222 222 222 183 173 160  30  45 212 222 222 222 222
222 222 222 222 222 221  43   7   6   1  45 212 222 222 222 222
222 222 222 222 222 222 208 201 185  34  45 212 222 222 222 222
222 222 222 222 222 222 222 222 204  38  45 212 222 222 222 222
222 222 222 222 222 216  87  83  77  14  45 212 222 222 222 222
222 222 222 222 222 215  66  62  62  62  98 217 222 222 222 222
222 222 222 222 222 222 222 222 222 222 222 222 222 222 222 222
222 222 222 222 222 222 222 222 222 222 222 222 222 222 222 222
222 222 222 222 222 222 222 222 222 222 222 222 222 222 222 222
222 222 222 222 222 222 222 222 222 222 222 222 222 222 222 222

222 222 222 222 222 222 222 222 222 222 222 222 222 222 222 222
222 222 222 222 222 222 222 222 222 222 222 222 222 222 222 222
222 222 222 222 222 222 222 222 222 222 222 222 222 222 222 222
222 222 222 222 222 222 222 222 222 222 222 222 222 222 222 222
222 222 222 213 208 208 208 208 208 208 208 214 222 222 222 222
222 222 222  89  41  41  41  41  41  41  41  95 222 222 222 222
222 222 222  91  44  44  34   1  40  44  16  62 222 222 222 222
222 222 222 215 211 211 164   6 191 211  79  62 222 222 222 222
222 222 222 222 222 222 173   7 201 222  83  62 222 222 222 222
222 222 222 222 222 222 188  62 211 222  93  73 222 222 222 222
222 222 222 222 222 222 222 221 222 222 218 218 222 222 222 222
222 222 222 222 222 222 222 222 222 222 222 222 222 222 222 222
222 222 222 222 222 222 222 222 222 222 222 222 222 222 222 222
222 222 222 222 222 222 222 222 222 222 222 222 222 222 222 222
222 222 222 222 222 222 222 222 222 222 222 222 222 222 222 222
222 222 222 222 222 222 222 222 222 222 222 222 222 222 222 222
222 222 222 222 222 222 222 222 222 222 222 222 222 222 222 222
222 222 222 222 222 222 222 222 222 222 222 222 222 222 222 222
222 222 222 222 222 222 222 222 222 222 222 222 222 222 222 222
222 222 222 222 222 222 222 222 222 222 222 222 222 222 222 222
222 222 222 214 210 210 210 210 210 210 210 216 222 222 222 222
222 222 222  91  43  43  43  43  43  43  43  97 222 222 222 222
222 222 222  89  41  41  32   1  37  41  15  62 222 222 222 222
222 222 222 213 207 207 162   6 188 207  78  62 222 222 222 222
222 222 222 222 222 222 173   7 201 222  83  62 222 222 222 222
222 222 222 222 222 222 186  53 209 222  90  69 222 222 222 222
222 222 222 222 222 222 222 221 222 222 218 217 222 222 222 222
222 222 222 222 222 222 222 222 222 222 222 222 222 222 222 222
222 222 222 222 222 222 222 222 222 222 222 222 222 222 222 222
222 222 222 222 222 222 222 222 222 222 222 222 222 222 222 222
222 222 222 222 222 222 222 222 222 222 222 222 222 222 222 222
222 222 222 222 222 222 222 222 222 222 222 222 222 222 222 222
222 222 222 222 222 222 222 222 222 222 222 222 222 222 222 222
222 222 222 222 222 222 222 222 222 222 222 222 222 222 222 222
222 222 222 222 222 222 222 222 222 222 222 222 222 222 222 222
222 222 222 222 222 222 222 222 222 222 222 222 222 222 222 222
222 222 222 216 212 212 212 212 212 212 212 217 222 222 222 222
222 222 222  93  45  45  45  45  45  45  45  98 222 222 222 222
222 222 222  87  38  38  30   1  34  38  14  62 222 222 222 222
222 222 222 211 204 204 160   6 185 204  77  62 222 222 222 222
222 222 222 222 222 222 173   7 201 222  83  62 222 222 222 222
222 222 222 222 222 222 183  43 208 222  87  66 222 222 222 222
222 222 222 222 222 222 222 221 222 222 216 215 222 222 222 222
222 222 222 222 222 222 222 222 222 222 222 222 222 222 222 222
222 222 222 222 222 222 222 222 222 222 222 222 222 222 222 222
222 222 222 222 222 222 222 222 222 222 222 222 222 222 222 222
222 222 222 222 222 222 222 222 222 222 222 222 222 222 222 222
222 222 222 222 222 222 222 222 222 222 222 222 222 222 222 222
